wavelength = {
395.861206,  404.452393,  413.043610,  421.634796,  430.226013,  438.583801,
447.098785,  455.786194,  464.365601,  473.209015,  481.829498,  490.449890,
499.070404,  507.690887,  516.311401,  524.931824,  533.552307,  542.024475,
550.581909,  559.234314,  567.886719,  576.477173,  585.067688,  593.658325,
602.248779,  610.839294,  619.429810,  628.020386,  636.610901,  645.209412,
653.787781,  662.286926,  670.786011,  679.387817,  687.989624,  696.591370,
705.193176,  713.794983,  722.396729,  730.998474,  739.578613,  748.158508,
756.738525,  765.440125,  774.001099,  782.562195,  791.123230,  799.684326,
808.245422,  816.806396,  825.367371,  833.873596,  842.475220,  851.076782,
859.678406,  868.280029,  876.881714,  885.483276,  894.084900,  902.686523,
911.288086,  919.889709,  928.491272,  937.093018,  945.711975,  954.242981,
962.774109,  971.305176,  979.836182,  988.367310,  996.898376, 1005.836426,
1014.427612, 1023.018799, 1031.609985, 1040.201172, 1005.603821, 1022.212524,
1039.191772, 1055.871948, 1072.552124, 1089.232300, 1105.912598, 1122.592773,
1139.443970, 1156.412720, 1173.289795, 1190.166992, 1207.044067, 1223.921143,
1240.798218, 1257.396484, 1274.148315, 1290.900269, 1307.652100, 1324.404053,
1341.155884, 1357.907715, 1374.866943, 1391.651245, 1408.491943, 1425.332764,
1442.173462, 1459.014160, 1475.854858, 1492.695557, 1509.536377, 1526.377075,
1543.217773, 1560.058472, 1576.899292, 1593.713989, 1610.390015, 1627.132446,
1644.011230, 1660.890015, 1677.768799, 1694.647583, 1711.526367, 1728.405151,
1745.283936, 1762.162720, 1778.845215, 1795.430542, 1812.015747, 1828.816895,
1845.618042, 1862.419189, 1880.131226, 1896.113770, 1912.970459, 1929.929199,
1946.824219, 1963.719116, 1980.614136, 1997.509033, 2014.404053, 2031.298950,
2048.125732, 2064.896973, 2081.614502, 2098.452881, 2115.291260, 2132.129639,
2148.968018, 2165.806152, 2182.644531, 2199.482910, 2216.321289, 2233.159668,
2249.998047, 2266.836426, 2283.674805, 2300.512939, 2317.351318, 2334.189697,
2350.397217, 2366.681152, 2384.117676, 2400.807861, 2417.497803, 2434.187744,
2450.877686, 2467.567871, 2484.324463, 2501.081299}

fwhm = {
  8.760000,  8.760000,  8.760000,  8.760000,  8.760000,  8.760000,  8.760000,
  8.760000,  8.760000,  8.760000,  8.760000,  8.760000,  8.760000,  8.760000,
  8.760000,  8.760000,  8.760000,  8.760000,  8.760000,  8.760000,  8.760000,
  8.760000,  8.760000,  8.760000,  8.760000,  8.760000,  8.760000,  8.760000,
  8.760000,  8.760000,  8.760000,  8.760000,  8.760000,  8.760000,  8.760000,
  8.760000,  8.760000,  8.760000,  8.760000,  8.760000,  8.760000,  8.760000,
  8.760000,  8.760000,  8.760000,  8.760000,  8.760000,  8.760000,  8.760000,
  8.760000,  8.760000,  8.760000,  8.760000,  8.760000,  8.760000,  8.760000,
  8.760000,  8.760000,  8.760000,  8.760000,  8.760000,  8.760000,  8.760000,
  8.760000,  8.760000,  8.760000,  8.760000,  8.760000,  8.760000,  8.760000,
  8.760000,  8.760000,  8.760000,  8.760000,  8.760000,  8.760000, 16.260000,
 16.260000, 16.260000, 16.260000, 16.260000, 16.260000, 16.260000, 16.260000,
 16.260000, 16.260000, 16.260000, 16.260000, 16.260000, 16.260000, 16.260000,
 16.260000, 16.260000, 16.260000, 16.260000, 16.260000, 16.260000, 16.260000,
 16.260000, 16.260000, 16.260000, 16.260000, 16.260000, 16.260000, 16.260000,
 16.260000, 16.260000, 16.260000, 16.260000, 16.260000, 16.260000, 16.260000,
 16.260000, 16.260000, 16.260000, 16.260000, 16.260000, 16.260000, 16.260000,
 16.260000, 16.260000, 16.260000, 16.260000, 16.260000, 16.260000, 16.260000,
 16.260000, 16.260000, 16.260000, 16.260000, 16.260000, 16.260000, 16.260000,
 16.260000, 16.260000, 16.260000, 16.260000, 16.260000, 16.260000, 16.260000,
 16.260000, 16.260000, 16.260000, 16.260000, 16.260000, 16.260000, 16.260000,
 16.260000, 16.260000, 16.260000, 16.260000, 16.260000, 16.260000, 16.260000,
 16.260000, 16.260000, 16.260000, 16.260000, 16.260000, 16.260000, 16.260000,
 16.260000, 16.260000, 16.260000, 16.260000, 16.260000}